Matrices Elementales
 ===============
elemento 0, fe = 1.878297e+07
[[ 1.    0.5  -1.   -0.5 ]
 [ 0.5   0.25 -0.5  -0.25]
 [-1.   -0.5   1.    0.5 ]
 [-0.5  -0.25  0.5   0.25]]

elemento 1, fe = 2.625000e+07
[[ 1.  0. -1.  0.]
 [ 0.  0.  0.  0.]
 [-1.  0.  1.  0.]
 [ 0.  0.  0.  0.]]

elemento 2, fe = 1.050000e+08
[[ 0.  0.  0.  0.]
 [ 0.  1.  0. -1.]
 [ 0.  0.  0.  0.]
 [ 0. -1.  0.  1.]]

elemento 3, fe = 1.878297e+07
[[ 1.   -0.5  -1.    0.5 ]
 [-0.5   0.25  0.5  -0.25]
 [-1.    0.5   1.   -0.5 ]
 [ 0.5  -0.25 -0.5   0.25]]

elemento 4, fe = 2.625000e+07
[[ 1.  0. -1.  0.]
 [ 0.  0.  0.  0.]
 [-1.  0.  1.  0.]
 [ 0.  0.  0.  0.]]
